0.00000000e+00   0.00000000e+00
1.00000000e-02   4.42323675e-04
2.00000000e-02   8.84630425e-04
3.00000000e-02   1.32690333e-03
4.00000000e-02   1.76912545e-03
5.00000000e-02   2.21127989e-03
6.00000000e-02   2.65334972e-03
7.00000000e-02   3.09531804e-03
8.00000000e-02   3.53716793e-03
9.00000000e-02   3.97888252e-03
1.00000000e-01   4.42044490e-03
1.10000000e-01   4.86183821e-03
1.20000000e-01   5.30304558e-03
1.30000000e-01   5.74405014e-03
1.40000000e-01   6.18483507e-03
1.50000000e-01   6.62538353e-03
1.60000000e-01   7.06567872e-03
1.70000000e-01   7.50570383e-03
1.80000000e-01   7.94544208e-03
1.90000000e-01   8.38487673e-03
2.00000000e-01   8.82399101e-03
2.10000000e-01   9.26276822e-03
2.20000000e-01   9.70119165e-03
2.30000000e-01   1.01392446e-02
2.40000000e-01   1.05769105e-02
2.50000000e-01   1.10141726e-02
2.60000000e-01   1.14510144e-02
2.70000000e-01   1.18874193e-02
2.80000000e-01   1.23233707e-02
2.90000000e-01   1.27588522e-02
3.00000000e-01   1.31938471e-02
3.10000000e-01   1.36283392e-02
3.20000000e-01   1.40623119e-02
3.30000000e-01   1.44957488e-02
3.40000000e-01   1.49286336e-02
3.50000000e-01   1.53609500e-02
3.60000000e-01   1.57926816e-02
3.70000000e-01   1.62238123e-02
3.80000000e-01   1.66543257e-02
3.90000000e-01   1.70842058e-02
4.00000000e-01   1.75134364e-02
4.10000000e-01   1.79420014e-02
4.20000000e-01   1.83698848e-02
4.30000000e-01   1.87970705e-02
4.40000000e-01   1.92235426e-02
4.50000000e-01   1.96492852e-02
4.60000000e-01   2.00742823e-02
4.70000000e-01   2.04985182e-02
4.80000000e-01   2.09219771e-02
4.90000000e-01   2.13446433e-02
5.00000000e-01   2.17665010e-02
5.10000000e-01   2.21875347e-02
5.20000000e-01   2.26077288e-02
5.30000000e-01   2.30270678e-02
5.40000000e-01   2.34455361e-02
5.50000000e-01   2.38631184e-02
5.60000000e-01   2.42797993e-02
5.70000000e-01   2.46955636e-02
5.80000000e-01   2.51103959e-02
5.90000000e-01   2.55242811e-02
6.00000000e-01   2.59372041e-02
6.10000000e-01   2.63491498e-02
6.20000000e-01   2.67601031e-02
6.30000000e-01   2.71700493e-02
6.40000000e-01   2.75789733e-02
6.50000000e-01   2.79868604e-02
6.60000000e-01   2.83936958e-02
6.70000000e-01   2.87994648e-02
6.80000000e-01   2.92041528e-02
6.90000000e-01   2.96077453e-02
7.00000000e-01   3.00102279e-02
7.10000000e-01   3.04115859e-02
7.20000000e-01   3.08118053e-02
7.30000000e-01   3.12108716e-02
7.40000000e-01   3.16087706e-02
7.50000000e-01   3.20054884e-02
7.60000000e-01   3.24010107e-02
7.70000000e-01   3.27953236e-02
7.80000000e-01   3.31884132e-02
7.90000000e-01   3.35802658e-02
8.00000000e-01   3.39708675e-02
8.10000000e-01   3.43602046e-02
8.20000000e-01   3.47482637e-02
8.30000000e-01   3.51350311e-02
8.40000000e-01   3.55204934e-02
8.50000000e-01   3.59046373e-02
8.60000000e-01   3.62874495e-02
8.70000000e-01   3.66689169e-02
8.80000000e-01   3.70490263e-02
8.90000000e-01   3.74277646e-02
9.00000000e-01   3.78051190e-02
9.10000000e-01   3.81810766e-02
9.20000000e-01   3.85556247e-02
9.30000000e-01   3.89287505e-02
9.40000000e-01   3.93004414e-02
9.50000000e-01   3.96706851e-02
9.60000000e-01   4.00394690e-02
9.70000000e-01   4.04067807e-02
9.80000000e-01   4.07726082e-02
9.90000000e-01   4.11369392e-02
1.00000000e+00   4.14997617e-02
1.01000000e+00   4.18610638e-02
1.02000000e+00   4.22208334e-02
1.03000000e+00   4.25790590e-02
1.04000000e+00   4.29357288e-02
1.05000000e+00   4.32908311e-02
1.06000000e+00   4.36443546e-02
1.07000000e+00   4.39962878e-02
1.08000000e+00   4.43466195e-02
1.09000000e+00   4.46953383e-02
1.10000000e+00   4.50424333e-02
1.11000000e+00   4.53878934e-02
1.12000000e+00   4.57317078e-02
1.13000000e+00   4.60738655e-02
1.14000000e+00   4.64143559e-02
1.15000000e+00   4.67531684e-02
1.16000000e+00   4.70902925e-02
1.17000000e+00   4.74257177e-02
1.18000000e+00   4.77594338e-02
1.19000000e+00   4.80914306e-02
1.20000000e+00   4.84216980e-02
1.21000000e+00   4.87502259e-02
1.22000000e+00   4.90770045e-02
1.23000000e+00   4.94020241e-02
1.24000000e+00   4.97252748e-02
1.25000000e+00   5.00467472e-02
1.26000000e+00   5.03664318e-02
1.27000000e+00   5.06843192e-02
1.28000000e+00   5.10004001e-02
1.29000000e+00   5.13146655e-02
1.30000000e+00   5.16271062e-02
1.31000000e+00   5.19377133e-02
1.32000000e+00   5.22464781e-02
1.33000000e+00   5.25533917e-02
1.34000000e+00   5.28584457e-02
1.35000000e+00   5.31616314e-02
1.36000000e+00   5.34629405e-02
1.37000000e+00   5.37623647e-02
1.38000000e+00   5.40598958e-02
1.39000000e+00   5.43555259e-02
1.40000000e+00   5.46492468e-02
1.41000000e+00   5.49410509e-02
1.42000000e+00   5.52309304e-02
1.43000000e+00   5.55188776e-02
1.44000000e+00   5.58048851e-02
1.45000000e+00   5.60889455e-02
1.46000000e+00   5.63710514e-02
1.47000000e+00   5.66511959e-02
1.48000000e+00   5.69293717e-02
1.49000000e+00   5.72055720e-02
1.50000000e+00   5.74797899e-02
1.51000000e+00   5.77520188e-02
1.52000000e+00   5.80222520e-02
1.53000000e+00   5.82904831e-02
1.54000000e+00   5.85567057e-02
1.55000000e+00   5.88209135e-02
1.56000000e+00   5.90831005e-02
1.57000000e+00   5.93432606e-02
1.58000000e+00   5.96013878e-02
1.59000000e+00   5.98574765e-02
1.60000000e+00   6.01115209e-02
1.61000000e+00   6.03635155e-02
1.62000000e+00   6.06134549e-02
1.63000000e+00   6.08613337e-02
1.64000000e+00   6.11071466e-02
1.65000000e+00   6.13508887e-02
1.66000000e+00   6.15925550e-02
1.67000000e+00   6.18321405e-02
1.68000000e+00   6.20696406e-02
1.69000000e+00   6.23050505e-02
1.70000000e+00   6.25383659e-02
1.71000000e+00   6.27695823e-02
1.72000000e+00   6.29986954e-02
1.73000000e+00   6.32257010e-02
1.74000000e+00   6.34505952e-02
1.75000000e+00   6.36733740e-02
1.76000000e+00   6.38940335e-02
1.77000000e+00   6.41125701e-02
1.78000000e+00   6.43289803e-02
1.79000000e+00   6.45432605e-02
1.80000000e+00   6.47554073e-02
1.81000000e+00   6.49654177e-02
1.82000000e+00   6.51732884e-02
1.83000000e+00   6.53790164e-02
1.84000000e+00   6.55825989e-02
1.85000000e+00   6.57840331e-02
1.86000000e+00   6.59833164e-02
1.87000000e+00   6.61804462e-02
1.88000000e+00   6.63754202e-02
1.89000000e+00   6.65682359e-02
1.90000000e+00   6.67588912e-02
1.91000000e+00   6.69473841e-02
1.92000000e+00   6.71337126e-02
1.93000000e+00   6.73178749e-02
1.94000000e+00   6.74998691e-02
1.95000000e+00   6.76796938e-02
1.96000000e+00   6.78573474e-02
1.97000000e+00   6.80328285e-02
1.98000000e+00   6.82061359e-02
1.99000000e+00   6.83772685e-02
2.00000000e+00   6.85462250e-02
2.01000000e+00   6.87130048e-02
2.02000000e+00   6.88776068e-02
2.03000000e+00   6.90400305e-02
2.04000000e+00   6.92002753e-02
2.05000000e+00   6.93583406e-02
2.06000000e+00   6.95142261e-02
2.07000000e+00   6.96679316e-02
2.08000000e+00   6.98194569e-02
2.09000000e+00   6.99688019e-02
2.10000000e+00   7.01159669e-02
2.11000000e+00   7.02609519e-02
2.12000000e+00   7.04037572e-02
2.13000000e+00   7.05443834e-02
2.14000000e+00   7.06828309e-02
2.15000000e+00   7.08191003e-02
2.16000000e+00   7.09531924e-02
2.17000000e+00   7.10851080e-02
2.18000000e+00   7.12148482e-02
2.19000000e+00   7.13424139e-02
2.20000000e+00   7.14678063e-02
2.21000000e+00   7.15910268e-02
2.22000000e+00   7.17120767e-02
2.23000000e+00   7.18309576e-02
2.24000000e+00   7.19476709e-02
2.25000000e+00   7.20622185e-02
2.26000000e+00   7.21746022e-02
2.27000000e+00   7.22848238e-02
2.28000000e+00   7.23928854e-02
2.29000000e+00   7.24987892e-02
2.30000000e+00   7.26025373e-02
2.31000000e+00   7.27041321e-02
2.32000000e+00   7.28035761e-02
2.33000000e+00   7.29008717e-02
2.34000000e+00   7.29960217e-02
2.35000000e+00   7.30890287e-02
2.36000000e+00   7.31798956e-02
2.37000000e+00   7.32686255e-02
2.38000000e+00   7.33552212e-02
2.39000000e+00   7.34396860e-02
2.40000000e+00   7.35220231e-02
2.41000000e+00   7.36022358e-02
2.42000000e+00   7.36803276e-02
2.43000000e+00   7.37563021e-02
2.44000000e+00   7.38301628e-02
2.45000000e+00   7.39019135e-02
2.46000000e+00   7.39715580e-02
2.47000000e+00   7.40391003e-02
2.48000000e+00   7.41045444e-02
2.49000000e+00   7.41678943e-02
2.50000000e+00   7.42291544e-02
2.51000000e+00   7.42883288e-02
2.52000000e+00   7.43454220e-02
2.53000000e+00   7.44004385e-02
2.54000000e+00   7.44533828e-02
2.55000000e+00   7.45042596e-02
2.56000000e+00   7.45530737e-02
2.57000000e+00   7.45998299e-02
2.58000000e+00   7.46445332e-02
2.59000000e+00   7.46871885e-02
2.60000000e+00   7.47278010e-02
2.61000000e+00   7.47663759e-02
2.62000000e+00   7.48029185e-02
2.63000000e+00   7.48374341e-02
2.64000000e+00   7.48699282e-02
2.65000000e+00   7.49004063e-02
2.66000000e+00   7.49288742e-02
2.67000000e+00   7.49553373e-02
2.68000000e+00   7.49798017e-02
2.69000000e+00   7.50022730e-02
2.70000000e+00   7.50227574e-02
2.71000000e+00   7.50412608e-02
2.72000000e+00   7.50577894e-02
2.73000000e+00   7.50723493e-02
2.74000000e+00   7.50849468e-02
2.75000000e+00   7.50955882e-02
2.76000000e+00   7.51042801e-02
2.77000000e+00   7.51110289e-02
2.78000000e+00   7.51158412e-02
2.79000000e+00   7.51187236e-02
2.80000000e+00   7.51196829e-02
2.81000000e+00   7.51187259e-02
2.82000000e+00   7.51158594e-02
2.83000000e+00   7.51110905e-02
2.84000000e+00   7.51044261e-02
2.85000000e+00   7.50958734e-02
2.86000000e+00   7.50854394e-02
2.87000000e+00   7.50731316e-02
2.88000000e+00   7.50589570e-02
2.89000000e+00   7.50429232e-02
2.90000000e+00   7.50250376e-02
2.91000000e+00   7.50053076e-02
2.92000000e+00   7.49837409e-02
2.93000000e+00   7.49603451e-02
2.94000000e+00   7.49351279e-02
2.95000000e+00   7.49080970e-02
2.96000000e+00   7.48792603e-02
2.97000000e+00   7.48486258e-02
2.98000000e+00   7.48162013e-02
2.99000000e+00   7.47819948e-02
3.00000000e+00   7.47460145e-02
3.01000000e+00   7.47082685e-02
3.02000000e+00   7.46687649e-02
3.03000000e+00   7.46275121e-02
3.04000000e+00   7.45845183e-02
3.05000000e+00   7.45397920e-02
3.06000000e+00   7.44933414e-02
3.07000000e+00   7.44451752e-02
3.08000000e+00   7.43953019e-02
3.09000000e+00   7.43437300e-02
3.10000000e+00   7.42904681e-02
3.11000000e+00   7.42355251e-02
3.12000000e+00   7.41789095e-02
3.13000000e+00   7.41206303e-02
3.14000000e+00   7.40606962e-02
3.15000000e+00   7.39991161e-02
3.16000000e+00   7.39358991e-02
3.17000000e+00   7.38710540e-02
3.18000000e+00   7.38045899e-02
3.19000000e+00   7.37365159e-02
3.20000000e+00   7.36668412e-02
3.21000000e+00   7.35955748e-02
3.22000000e+00   7.35227260e-02
3.23000000e+00   7.34483041e-02
3.24000000e+00   7.33723183e-02
3.25000000e+00   7.32947781e-02
3.26000000e+00   7.32156927e-02
3.27000000e+00   7.31350716e-02
3.28000000e+00   7.30529243e-02
3.29000000e+00   7.29692603e-02
3.30000000e+00   7.28840891e-02
3.31000000e+00   7.27974202e-02
3.32000000e+00   7.27092634e-02
3.33000000e+00   7.26196281e-02
3.34000000e+00   7.25285242e-02
3.35000000e+00   7.24359613e-02
3.36000000e+00   7.23419491e-02
3.37000000e+00   7.22464975e-02
3.38000000e+00   7.21496163e-02
3.39000000e+00   7.20513152e-02
3.40000000e+00   7.19516042e-02
3.41000000e+00   7.18504932e-02
3.42000000e+00   7.17479921e-02
3.43000000e+00   7.16441108e-02
3.44000000e+00   7.15388594e-02
3.45000000e+00   7.14322478e-02
3.46000000e+00   7.13242860e-02
3.47000000e+00   7.12149843e-02
3.48000000e+00   7.11043525e-02
3.49000000e+00   7.09924008e-02
3.50000000e+00   7.08791394e-02
3.51000000e+00   7.07645784e-02
3.52000000e+00   7.06487280e-02
3.53000000e+00   7.05315983e-02
3.54000000e+00   7.04131996e-02
3.55000000e+00   7.02935421e-02
3.56000000e+00   7.01726360e-02
3.57000000e+00   7.00504917e-02
3.58000000e+00   6.99271194e-02
3.59000000e+00   6.98025293e-02
3.60000000e+00   6.96767319e-02
3.61000000e+00   6.95497373e-02
3.62000000e+00   6.94215561e-02
3.63000000e+00   6.92921985e-02
3.64000000e+00   6.91616749e-02
3.65000000e+00   6.90299956e-02
3.66000000e+00   6.88971711e-02
3.67000000e+00   6.87632117e-02
3.68000000e+00   6.86281279e-02
3.69000000e+00   6.84919301e-02
3.70000000e+00   6.83546287e-02
3.71000000e+00   6.82162341e-02
3.72000000e+00   6.80767567e-02
3.73000000e+00   6.79362071e-02
3.74000000e+00   6.77945956e-02
3.75000000e+00   6.76519327e-02
3.76000000e+00   6.75082289e-02
3.77000000e+00   6.73634946e-02
3.78000000e+00   6.72177403e-02
3.79000000e+00   6.70709765e-02
3.80000000e+00   6.69232135e-02
3.81000000e+00   6.67744620e-02
3.82000000e+00   6.66247322e-02
3.83000000e+00   6.64740348e-02
3.84000000e+00   6.63223802e-02
3.85000000e+00   6.61697788e-02
3.86000000e+00   6.60162410e-02
3.87000000e+00   6.58617774e-02
3.88000000e+00   6.57063984e-02
3.89000000e+00   6.55501144e-02
3.90000000e+00   6.53929359e-02
3.91000000e+00   6.52348733e-02
3.92000000e+00   6.50759370e-02
3.93000000e+00   6.49161375e-02
3.94000000e+00   6.47554851e-02
3.95000000e+00   6.45939903e-02
3.96000000e+00   6.44316634e-02
3.97000000e+00   6.42685149e-02
3.98000000e+00   6.41045551e-02
3.99000000e+00   6.39397943e-02
4.00000000e+00   6.37742430e-02
4.01000000e+00   6.36079114e-02
4.02000000e+00   6.34408099e-02
4.03000000e+00   6.32729488e-02
4.04000000e+00   6.31043383e-02
4.05000000e+00   6.29349889e-02
4.06000000e+00   6.27649107e-02
4.07000000e+00   6.25941139e-02
4.08000000e+00   6.24226089e-02
4.09000000e+00   6.22504058e-02
4.10000000e+00   6.20775148e-02
4.11000000e+00   6.19039462e-02
4.12000000e+00   6.17297100e-02
4.13000000e+00   6.15548165e-02
4.14000000e+00   6.13792757e-02
4.15000000e+00   6.12030978e-02
4.16000000e+00   6.10262928e-02
4.17000000e+00   6.08488708e-02
4.18000000e+00   6.06708419e-02
4.19000000e+00   6.04922160e-02
4.20000000e+00   6.03130031e-02
4.21000000e+00   6.01332133e-02
4.22000000e+00   5.99528565e-02
4.23000000e+00   5.97719425e-02
4.24000000e+00   5.95904814e-02
4.25000000e+00   5.94084829e-02
4.26000000e+00   5.92259569e-02
4.27000000e+00   5.90429133e-02
4.28000000e+00   5.88593618e-02
4.29000000e+00   5.86753122e-02
4.30000000e+00   5.84907742e-02
4.31000000e+00   5.83057575e-02
4.32000000e+00   5.81202719e-02
4.33000000e+00   5.79343269e-02
4.34000000e+00   5.77479323e-02
4.35000000e+00   5.75610975e-02
4.36000000e+00   5.73738322e-02
4.37000000e+00   5.71861459e-02
4.38000000e+00   5.69980481e-02
4.39000000e+00   5.68095482e-02
4.40000000e+00   5.66206557e-02
4.41000000e+00   5.64313799e-02
4.42000000e+00   5.62417304e-02
4.43000000e+00   5.60517163e-02
4.44000000e+00   5.58613470e-02
4.45000000e+00   5.56706318e-02
4.46000000e+00   5.54795799e-02
4.47000000e+00   5.52882005e-02
4.48000000e+00   5.50965027e-02
4.49000000e+00   5.49044957e-02
4.50000000e+00   5.47121886e-02
4.51000000e+00   5.45195904e-02
4.52000000e+00   5.43267102e-02
4.53000000e+00   5.41335569e-02
4.54000000e+00   5.39401394e-02
4.55000000e+00   5.37464667e-02
4.56000000e+00   5.35525476e-02
4.57000000e+00   5.33583910e-02
4.58000000e+00   5.31640057e-02
4.59000000e+00   5.29694003e-02
4.60000000e+00   5.27745836e-02
4.61000000e+00   5.25795643e-02
4.62000000e+00   5.23843510e-02
4.63000000e+00   5.21889522e-02
4.64000000e+00   5.19933766e-02
4.65000000e+00   5.17976326e-02
4.66000000e+00   5.16017288e-02
4.67000000e+00   5.14056734e-02
4.68000000e+00   5.12094749e-02
4.69000000e+00   5.10131416e-02
4.70000000e+00   5.08166819e-02
4.71000000e+00   5.06201039e-02
4.72000000e+00   5.04234159e-02
4.73000000e+00   5.02266261e-02
4.74000000e+00   5.00297425e-02
4.75000000e+00   4.98327733e-02
4.76000000e+00   4.96357264e-02
4.77000000e+00   4.94386099e-02
4.78000000e+00   4.92414316e-02
4.79000000e+00   4.90441996e-02
4.80000000e+00   4.88469216e-02
4.81000000e+00   4.86496054e-02
4.82000000e+00   4.84522589e-02
4.83000000e+00   4.82548897e-02
4.84000000e+00   4.80575055e-02
4.85000000e+00   4.78601139e-02
4.86000000e+00   4.76627225e-02
4.87000000e+00   4.74653388e-02
4.88000000e+00   4.72679703e-02
4.89000000e+00   4.70706245e-02
4.90000000e+00   4.68733086e-02
4.91000000e+00   4.66760302e-02
4.92000000e+00   4.64787964e-02
4.93000000e+00   4.62816145e-02
4.94000000e+00   4.60844916e-02
4.95000000e+00   4.58874351e-02
4.96000000e+00   4.56904519e-02
4.97000000e+00   4.54935490e-02
4.98000000e+00   4.52967336e-02
4.99000000e+00   4.51000125e-02
5.00000000e+00   4.49033927e-02
5.01000000e+00   4.47068810e-02
5.02000000e+00   4.45104842e-02
5.03000000e+00   4.43142092e-02
5.04000000e+00   4.41180625e-02
5.05000000e+00   4.39220508e-02
5.06000000e+00   4.37261808e-02
5.07000000e+00   4.35304591e-02
5.08000000e+00   4.33348920e-02
5.09000000e+00   4.31394862e-02
5.10000000e+00   4.29442480e-02
5.11000000e+00   4.27491837e-02
5.12000000e+00   4.25542997e-02
5.13000000e+00   4.23596022e-02
5.14000000e+00   4.21650975e-02
5.15000000e+00   4.19707917e-02
5.16000000e+00   4.17766909e-02
5.17000000e+00   4.15828012e-02
5.18000000e+00   4.13891286e-02
5.19000000e+00   4.11956790e-02
5.20000000e+00   4.10024584e-02
5.21000000e+00   4.08094726e-02
5.22000000e+00   4.06167274e-02
5.23000000e+00   4.04242285e-02
5.24000000e+00   4.02319818e-02
5.25000000e+00   4.00399927e-02
5.26000000e+00   3.98482670e-02
5.27000000e+00   3.96568102e-02
5.28000000e+00   3.94656278e-02
5.29000000e+00   3.92747252e-02
5.30000000e+00   3.90841078e-02
5.31000000e+00   3.88937811e-02
5.32000000e+00   3.87037502e-02
5.33000000e+00   3.85140204e-02
5.34000000e+00   3.83245970e-02
5.35000000e+00   3.81354851e-02
5.36000000e+00   3.79466897e-02
5.37000000e+00   3.77582160e-02
5.38000000e+00   3.75700689e-02
5.39000000e+00   3.73822533e-02
5.40000000e+00   3.71947742e-02
5.41000000e+00   3.70076363e-02
5.42000000e+00   3.68208446e-02
5.43000000e+00   3.66344036e-02
5.44000000e+00   3.64483182e-02
5.45000000e+00   3.62625930e-02
5.46000000e+00   3.60772324e-02
5.47000000e+00   3.58922412e-02
5.48000000e+00   3.57076237e-02
5.49000000e+00   3.55233845e-02
5.50000000e+00   3.53395278e-02
5.51000000e+00   3.51560581e-02
5.52000000e+00   3.49729795e-02
5.53000000e+00   3.47902965e-02
5.54000000e+00   3.46080131e-02
5.55000000e+00   3.44261335e-02
5.56000000e+00   3.42446618e-02
5.57000000e+00   3.40636020e-02
5.58000000e+00   3.38829581e-02
5.59000000e+00   3.37027340e-02
5.60000000e+00   3.35229337e-02
5.61000000e+00   3.33435610e-02
5.62000000e+00   3.31646197e-02
5.63000000e+00   3.29861135e-02
5.64000000e+00   3.28080461e-02
5.65000000e+00   3.26304211e-02
5.66000000e+00   3.24532423e-02
5.67000000e+00   3.22765130e-02
5.68000000e+00   3.21002368e-02
5.69000000e+00   3.19244173e-02
5.70000000e+00   3.17490576e-02
5.71000000e+00   3.15741614e-02
5.72000000e+00   3.13997317e-02
5.73000000e+00   3.12257719e-02
5.74000000e+00   3.10522853e-02
5.75000000e+00   3.08792749e-02
5.76000000e+00   3.07067440e-02
5.77000000e+00   3.05346955e-02
5.78000000e+00   3.03631324e-02
5.79000000e+00   3.01920579e-02
5.80000000e+00   3.00214747e-02
5.81000000e+00   2.98513859e-02
5.82000000e+00   2.96817941e-02
5.83000000e+00   2.95127023e-02
5.84000000e+00   2.93441132e-02
5.85000000e+00   2.91760293e-02
5.86000000e+00   2.90084536e-02
5.87000000e+00   2.88413884e-02
5.88000000e+00   2.86748364e-02
5.89000000e+00   2.85088001e-02
5.90000000e+00   2.83432820e-02
5.91000000e+00   2.81782845e-02
5.92000000e+00   2.80138100e-02
5.93000000e+00   2.78498609e-02
5.94000000e+00   2.76864393e-02
5.95000000e+00   2.75235476e-02
5.96000000e+00   2.73611880e-02
5.97000000e+00   2.71993627e-02
5.98000000e+00   2.70380737e-02
5.99000000e+00   2.68773231e-02
6.00000000e+00   2.67171130e-02
6.01000000e+00   2.65574454e-02
6.02000000e+00   2.63983222e-02
6.03000000e+00   2.62397453e-02
6.04000000e+00   2.60817166e-02
6.05000000e+00   2.59242379e-02
6.06000000e+00   2.57673109e-02
6.07000000e+00   2.56109375e-02
6.08000000e+00   2.54551192e-02
6.09000000e+00   2.52998579e-02
6.10000000e+00   2.51451550e-02
6.11000000e+00   2.49910121e-02
6.12000000e+00   2.48374308e-02
6.13000000e+00   2.46844126e-02
6.14000000e+00   2.45319589e-02
6.15000000e+00   2.43800712e-02
6.16000000e+00   2.42287507e-02
6.17000000e+00   2.40779989e-02
6.18000000e+00   2.39278170e-02
6.19000000e+00   2.37782062e-02
6.20000000e+00   2.36291679e-02
6.21000000e+00   2.34807031e-02
6.22000000e+00   2.33328130e-02
6.23000000e+00   2.31854987e-02
6.24000000e+00   2.30387613e-02
6.25000000e+00   2.28926018e-02
6.26000000e+00   2.27470211e-02
6.27000000e+00   2.26020203e-02
6.28000000e+00   2.24576002e-02
6.29000000e+00   2.23137617e-02
6.30000000e+00   2.21705056e-02
6.31000000e+00   2.20278328e-02
6.32000000e+00   2.18857440e-02
6.33000000e+00   2.17442399e-02
6.34000000e+00   2.16033213e-02
6.35000000e+00   2.14629888e-02
6.36000000e+00   2.13232429e-02
6.37000000e+00   2.11840844e-02
6.38000000e+00   2.10455138e-02
6.39000000e+00   2.09075315e-02
6.40000000e+00   2.07701381e-02
6.41000000e+00   2.06333341e-02
6.42000000e+00   2.04971197e-02
6.43000000e+00   2.03614955e-02
6.44000000e+00   2.02264618e-02
6.45000000e+00   2.00920188e-02
6.46000000e+00   1.99581670e-02
6.47000000e+00   1.98249065e-02
6.48000000e+00   1.96922375e-02
6.49000000e+00   1.95601603e-02
6.50000000e+00   1.94286750e-02
6.51000000e+00   1.92977817e-02
6.52000000e+00   1.91674806e-02
6.53000000e+00   1.90377716e-02
6.54000000e+00   1.89086549e-02
6.55000000e+00   1.87801304e-02
6.56000000e+00   1.86521982e-02
6.57000000e+00   1.85248580e-02
6.58000000e+00   1.83981100e-02
6.59000000e+00   1.82719539e-02
6.60000000e+00   1.81463896e-02
6.61000000e+00   1.80214169e-02
6.62000000e+00   1.78970357e-02
6.63000000e+00   1.77732457e-02
6.64000000e+00   1.76500466e-02
6.65000000e+00   1.75274382e-02
6.66000000e+00   1.74054201e-02
6.67000000e+00   1.72839921e-02
6.68000000e+00   1.71631537e-02
6.69000000e+00   1.70429045e-02
6.70000000e+00   1.69232441e-02
6.71000000e+00   1.68041722e-02
6.72000000e+00   1.66856881e-02
6.73000000e+00   1.65677914e-02
6.74000000e+00   1.64504816e-02
6.75000000e+00   1.63337581e-02
6.76000000e+00   1.62176204e-02
6.77000000e+00   1.61020678e-02
6.78000000e+00   1.59870998e-02
6.79000000e+00   1.58727156e-02
6.80000000e+00   1.57589147e-02
6.81000000e+00   1.56456962e-02
6.82000000e+00   1.55330596e-02
6.83000000e+00   1.54210039e-02
6.84000000e+00   1.53095286e-02
6.85000000e+00   1.51986327e-02
6.86000000e+00   1.50883155e-02
6.87000000e+00   1.49785762e-02
6.88000000e+00   1.48694138e-02
6.89000000e+00   1.47608275e-02
6.90000000e+00   1.46528165e-02
6.91000000e+00   1.45453797e-02
6.92000000e+00   1.44385162e-02
6.93000000e+00   1.43322252e-02
6.94000000e+00   1.42265055e-02
6.95000000e+00   1.41213562e-02
6.96000000e+00   1.40167762e-02
6.97000000e+00   1.39127646e-02
6.98000000e+00   1.38093203e-02
6.99000000e+00   1.37064421e-02
7.00000000e+00   1.36041289e-02
7.01000000e+00   1.35023798e-02
7.02000000e+00   1.34011934e-02
7.03000000e+00   1.33005686e-02
7.04000000e+00   1.32005044e-02
7.05000000e+00   1.31009994e-02
7.06000000e+00   1.30020525e-02
7.07000000e+00   1.29036624e-02
7.08000000e+00   1.28058279e-02
7.09000000e+00   1.27085477e-02
7.10000000e+00   1.26118205e-02
7.11000000e+00   1.25156451e-02
7.12000000e+00   1.24200201e-02
7.13000000e+00   1.23249442e-02
7.14000000e+00   1.22304161e-02
7.15000000e+00   1.21364344e-02
7.16000000e+00   1.20429976e-02
7.17000000e+00   1.19501045e-02
7.18000000e+00   1.18577536e-02
7.19000000e+00   1.17659435e-02
7.20000000e+00   1.16746727e-02
7.21000000e+00   1.15839399e-02
7.22000000e+00   1.14937435e-02
7.23000000e+00   1.14040820e-02
7.24000000e+00   1.13149541e-02
7.25000000e+00   1.12263580e-02
7.26000000e+00   1.11382925e-02
7.27000000e+00   1.10507558e-02
7.28000000e+00   1.09637465e-02
7.29000000e+00   1.08772630e-02
7.30000000e+00   1.07913038e-02
7.31000000e+00   1.07058672e-02
7.32000000e+00   1.06209517e-02
7.33000000e+00   1.05365557e-02
7.34000000e+00   1.04526775e-02
7.35000000e+00   1.03693155e-02
7.36000000e+00   1.02864681e-02
7.37000000e+00   1.02041336e-02
7.38000000e+00   1.01223104e-02
7.39000000e+00   1.00409968e-02
7.40000000e+00   9.96019109e-03
7.41000000e+00   9.87989164e-03
7.42000000e+00   9.80009670e-03
7.43000000e+00   9.72080459e-03
7.44000000e+00   9.64201357e-03
7.45000000e+00   9.56372192e-03
7.46000000e+00   9.48592790e-03
7.47000000e+00   9.40862976e-03
7.48000000e+00   9.33182575e-03
7.49000000e+00   9.25551411e-03
7.50000000e+00   9.17969305e-03
7.51000000e+00   9.10436081e-03
7.52000000e+00   9.02951559e-03
7.53000000e+00   8.95515560e-03
7.54000000e+00   8.88127904e-03
7.55000000e+00   8.80788408e-03
7.56000000e+00   8.73496893e-03
7.57000000e+00   8.66253174e-03
7.58000000e+00   8.59057070e-03
7.59000000e+00   8.51908396e-03
7.60000000e+00   8.44806967e-03
7.61000000e+00   8.37752599e-03
7.62000000e+00   8.30745107e-03
7.63000000e+00   8.23784303e-03
7.64000000e+00   8.16870001e-03
7.65000000e+00   8.10002014e-03
7.66000000e+00   8.03180153e-03
7.67000000e+00   7.96404231e-03
7.68000000e+00   7.89674059e-03
7.69000000e+00   7.82989446e-03
7.70000000e+00   7.76350203e-03
7.71000000e+00   7.69756140e-03
7.72000000e+00   7.63207066e-03
7.73000000e+00   7.56702790e-03
7.74000000e+00   7.50243120e-03
7.75000000e+00   7.43827865e-03
7.76000000e+00   7.37456832e-03
7.77000000e+00   7.31129827e-03
7.78000000e+00   7.24846660e-03
7.79000000e+00   7.18607135e-03
7.80000000e+00   7.12411059e-03
7.81000000e+00   7.06258239e-03
7.82000000e+00   7.00148480e-03
7.83000000e+00   6.94081587e-03
7.84000000e+00   6.88057367e-03
7.85000000e+00   6.82075623e-03
7.86000000e+00   6.76136162e-03
7.87000000e+00   6.70238786e-03
7.88000000e+00   6.64383302e-03
7.89000000e+00   6.58569513e-03
7.90000000e+00   6.52797223e-03
7.91000000e+00   6.47066236e-03
7.92000000e+00   6.41376357e-03
7.93000000e+00   6.35727388e-03
7.94000000e+00   6.30119133e-03
7.95000000e+00   6.24551397e-03
7.96000000e+00   6.19023982e-03
7.97000000e+00   6.13536691e-03
7.98000000e+00   6.08089329e-03
7.99000000e+00   6.02681698e-03
8.00000000e+00   5.97313601e-03
8.01000000e+00   5.91984843e-03
8.02000000e+00   5.86695225e-03
8.03000000e+00   5.81444552e-03
8.04000000e+00   5.76232627e-03
8.05000000e+00   5.71059252e-03
8.06000000e+00   5.65924232e-03
8.07000000e+00   5.60827370e-03
8.08000000e+00   5.55768469e-03
8.09000000e+00   5.50747333e-03
8.10000000e+00   5.45763766e-03
8.11000000e+00   5.40817571e-03
8.12000000e+00   5.35908553e-03
8.13000000e+00   5.31036515e-03
8.14000000e+00   5.26201262e-03
8.15000000e+00   5.21402597e-03
8.16000000e+00   5.16640326e-03
8.17000000e+00   5.11914254e-03
8.18000000e+00   5.07224184e-03
8.19000000e+00   5.02569923e-03
8.20000000e+00   4.97951275e-03
8.21000000e+00   4.93368046e-03
8.22000000e+00   4.88820041e-03
8.23000000e+00   4.84307067e-03
8.24000000e+00   4.79828930e-03
8.25000000e+00   4.75385436e-03
8.26000000e+00   4.70976392e-03
8.27000000e+00   4.66601605e-03
8.28000000e+00   4.62260882e-03
8.29000000e+00   4.57954031e-03
8.30000000e+00   4.53680860e-03
8.31000000e+00   4.49441176e-03
8.32000000e+00   4.45234789e-03
8.33000000e+00   4.41061507e-03
8.34000000e+00   4.36921140e-03
8.35000000e+00   4.32813496e-03
8.36000000e+00   4.28738387e-03
8.37000000e+00   4.24695621e-03
8.38000000e+00   4.20685010e-03
8.39000000e+00   4.16706364e-03
8.40000000e+00   4.12759495e-03
8.41000000e+00   4.08844216e-03
8.42000000e+00   4.04960337e-03
8.43000000e+00   4.01107672e-03
8.44000000e+00   3.97286033e-03
8.45000000e+00   3.93495234e-03
8.46000000e+00   3.89735089e-03
8.47000000e+00   3.86005412e-03
8.48000000e+00   3.82306018e-03
8.49000000e+00   3.78636722e-03
8.50000000e+00   3.74997340e-03
8.51000000e+00   3.71387688e-03
8.52000000e+00   3.67807582e-03
8.53000000e+00   3.64256840e-03
8.54000000e+00   3.60735279e-03
8.55000000e+00   3.57242717e-03
8.56000000e+00   3.53778973e-03
8.57000000e+00   3.50343866e-03
8.58000000e+00   3.46937215e-03
8.59000000e+00   3.43558840e-03
8.60000000e+00   3.40208563e-03
8.61000000e+00   3.36886204e-03
8.62000000e+00   3.33591585e-03
8.63000000e+00   3.30324529e-03
8.64000000e+00   3.27084857e-03
8.65000000e+00   3.23872393e-03
8.66000000e+00   3.20686962e-03
8.67000000e+00   3.17528388e-03
8.68000000e+00   3.14396495e-03
8.69000000e+00   3.11291109e-03
8.70000000e+00   3.08212056e-03
8.71000000e+00   3.05159164e-03
8.72000000e+00   3.02132259e-03
8.73000000e+00   2.99131169e-03
8.74000000e+00   2.96155723e-03
8.75000000e+00   2.93205750e-03
8.76000000e+00   2.90281080e-03
8.77000000e+00   2.87381543e-03
8.78000000e+00   2.84506969e-03
8.79000000e+00   2.81657191e-03
8.80000000e+00   2.78832040e-03
8.81000000e+00   2.76031350e-03
8.82000000e+00   2.73254953e-03
8.83000000e+00   2.70502684e-03
8.84000000e+00   2.67774377e-03
8.85000000e+00   2.65069868e-03
8.86000000e+00   2.62388992e-03
8.87000000e+00   2.59731587e-03
8.88000000e+00   2.57097489e-03
8.89000000e+00   2.54486536e-03
8.90000000e+00   2.51898567e-03
8.91000000e+00   2.49333421e-03
8.92000000e+00   2.46790938e-03
8.93000000e+00   2.44270958e-03
8.94000000e+00   2.41773323e-03
8.95000000e+00   2.39297873e-03
8.96000000e+00   2.36844453e-03
8.97000000e+00   2.34412904e-03
8.98000000e+00   2.32003072e-03
8.99000000e+00   2.29614799e-03
9.00000000e+00   2.27247932e-03
9.01000000e+00   2.24902316e-03
9.02000000e+00   2.22577798e-03
9.03000000e+00   2.20274225e-03
9.04000000e+00   2.17991446e-03
9.05000000e+00   2.15729307e-03
9.06000000e+00   2.13487660e-03
9.07000000e+00   2.11266354e-03
9.08000000e+00   2.09065239e-03
9.09000000e+00   2.06884167e-03
9.10000000e+00   2.04722990e-03
9.11000000e+00   2.02581560e-03
9.12000000e+00   2.00459732e-03
9.13000000e+00   1.98357360e-03
9.14000000e+00   1.96274297e-03
9.15000000e+00   1.94210400e-03
9.16000000e+00   1.92165525e-03
9.17000000e+00   1.90139529e-03
9.18000000e+00   1.88132270e-03
9.19000000e+00   1.86143606e-03
9.20000000e+00   1.84173396e-03
9.21000000e+00   1.82221499e-03
9.22000000e+00   1.80287777e-03
9.23000000e+00   1.78372091e-03
9.24000000e+00   1.76474302e-03
9.25000000e+00   1.74594273e-03
9.26000000e+00   1.72731867e-03
9.27000000e+00   1.70886949e-03
9.28000000e+00   1.69059383e-03
9.29000000e+00   1.67249034e-03
9.30000000e+00   1.65455769e-03
9.31000000e+00   1.63679455e-03
9.32000000e+00   1.61919959e-03
9.33000000e+00   1.60177149e-03
9.34000000e+00   1.58450895e-03
9.35000000e+00   1.56741066e-03
9.36000000e+00   1.55047533e-03
9.37000000e+00   1.53370166e-03
9.38000000e+00   1.51708838e-03
9.39000000e+00   1.50063421e-03
9.40000000e+00   1.48433788e-03
9.41000000e+00   1.46819814e-03
9.42000000e+00   1.45221373e-03
9.43000000e+00   1.43638340e-03
9.44000000e+00   1.42070591e-03
9.45000000e+00   1.40518004e-03
9.46000000e+00   1.38980456e-03
9.47000000e+00   1.37457824e-03
9.48000000e+00   1.35949988e-03
9.49000000e+00   1.34456828e-03
9.50000000e+00   1.32978224e-03
9.51000000e+00   1.31514056e-03
9.52000000e+00   1.30064207e-03
9.53000000e+00   1.28628559e-03
9.54000000e+00   1.27206995e-03
9.55000000e+00   1.25799399e-03
9.56000000e+00   1.24405655e-03
9.57000000e+00   1.23025649e-03
9.58000000e+00   1.21659266e-03
9.59000000e+00   1.20306394e-03
9.60000000e+00   1.18966919e-03
9.61000000e+00   1.17640729e-03
9.62000000e+00   1.16327713e-03
9.63000000e+00   1.15027761e-03
9.64000000e+00   1.13740762e-03
9.65000000e+00   1.12466607e-03
9.66000000e+00   1.11205187e-03
9.67000000e+00   1.09956396e-03
9.68000000e+00   1.08720125e-03
9.69000000e+00   1.07496267e-03
9.70000000e+00   1.06284718e-03
9.71000000e+00   1.05085372e-03
9.72000000e+00   1.03898124e-03
9.73000000e+00   1.02722870e-03
9.74000000e+00   1.01559508e-03
9.75000000e+00   1.00407934e-03
9.76000000e+00   9.92680475e-04
9.77000000e+00   9.81397468e-04
9.78000000e+00   9.70229313e-04
9.79000000e+00   9.59175014e-04
9.80000000e+00   9.48233577e-04
9.81000000e+00   9.37404017e-04
9.82000000e+00   9.26685357e-04
9.83000000e+00   9.16076624e-04
9.84000000e+00   9.05576851e-04
9.85000000e+00   8.95185081e-04
9.86000000e+00   8.84900361e-04
9.87000000e+00   8.74721744e-04
9.88000000e+00   8.64648290e-04
9.89000000e+00   8.54679068e-04
9.90000000e+00   8.44813149e-04
9.91000000e+00   8.35049613e-04
9.92000000e+00   8.25387546e-04
9.93000000e+00   8.15826041e-04
9.94000000e+00   8.06364195e-04
9.95000000e+00   7.97001115e-04
9.96000000e+00   7.87735910e-04
9.97000000e+00   7.78567698e-04
9.98000000e+00   7.69495603e-04
9.99000000e+00   7.60518754e-04
1.00000000e+01   7.51636288e-04
1.00100000e+01   7.42847347e-04
1.00200000e+01   7.34151078e-04
1.00300000e+01   7.25546637e-04
1.00400000e+01   7.17033183e-04
1.00500000e+01   7.08609883e-04
1.00600000e+01   7.00275911e-04
1.00700000e+01   6.92030443e-04
1.00800000e+01   6.83872665e-04
1.00900000e+01   6.75801767e-04
1.01000000e+01   6.67816946e-04
1.01100000e+01   6.59917404e-04
1.01200000e+01   6.52102349e-04
1.01300000e+01   6.44370996e-04
1.01400000e+01   6.36722563e-04
1.01500000e+01   6.29156278e-04
1.01600000e+01   6.21671371e-04
1.01700000e+01   6.14267080e-04
1.01800000e+01   6.06942648e-04
1.01900000e+01   5.99697324e-04
1.02000000e+01   5.92530361e-04
1.02100000e+01   5.85441020e-04
1.02200000e+01   5.78428567e-04
1.02300000e+01   5.71492273e-04
1.02400000e+01   5.64631415e-04
1.02500000e+01   5.57845275e-04
1.02600000e+01   5.51133142e-04
1.02700000e+01   5.44494308e-04
1.02800000e+01   5.37928073e-04
1.02900000e+01   5.31433741e-04
1.03000000e+01   5.25010621e-04
1.03100000e+01   5.18658029e-04
1.03200000e+01   5.12375286e-04
1.03300000e+01   5.06161717e-04
1.03400000e+01   5.00016654e-04
1.03500000e+01   4.93939432e-04
1.03600000e+01   4.87929394e-04
1.03700000e+01   4.81985887e-04
1.03800000e+01   4.76108263e-04
1.03900000e+01   4.70295878e-04
1.04000000e+01   4.64548097e-04
1.04100000e+01   4.58864285e-04
1.04200000e+01   4.53243816e-04
1.04300000e+01   4.47686067e-04
1.04400000e+01   4.42190422e-04
1.04500000e+01   4.36756268e-04
1.04600000e+01   4.31382998e-04
1.04700000e+01   4.26070009e-04
1.04800000e+01   4.20816705e-04
1.04900000e+01   4.15622492e-04
1.05000000e+01   4.10486783e-04
1.05100000e+01   4.05408996e-04
1.05200000e+01   4.00388553e-04
1.05300000e+01   3.95424880e-04
1.05400000e+01   3.90517409e-04
1.05500000e+01   3.85665576e-04
1.05600000e+01   3.80868823e-04
1.05700000e+01   3.76126595e-04
1.05800000e+01   3.71438342e-04
1.05900000e+01   3.66803521e-04
1.06000000e+01   3.62221589e-04
1.06100000e+01   3.57692012e-04
1.06200000e+01   3.53214259e-04
1.06300000e+01   3.48787801e-04
1.06400000e+01   3.44412118e-04
1.06500000e+01   3.40086692e-04
1.06600000e+01   3.35811008e-04
1.06700000e+01   3.31584559e-04
1.06800000e+01   3.27406839e-04
1.06900000e+01   3.23277348e-04
1.07000000e+01   3.19195591e-04
1.07100000e+01   3.15161076e-04
1.07200000e+01   3.11173315e-04
1.07300000e+01   3.07231825e-04
1.07400000e+01   3.03336128e-04
1.07500000e+01   2.99485748e-04
1.07600000e+01   2.95680216e-04
1.07700000e+01   2.91919065e-04
1.07800000e+01   2.88201832e-04
1.07900000e+01   2.84528060e-04
1.08000000e+01   2.80897294e-04
1.08100000e+01   2.77309083e-04
1.08200000e+01   2.73762983e-04
1.08300000e+01   2.70258551e-04
1.08400000e+01   2.66795348e-04
1.08500000e+01   2.63372941e-04
1.08600000e+01   2.59990899e-04
1.08700000e+01   2.56648795e-04
1.08800000e+01   2.53346207e-04
1.08900000e+01   2.50082716e-04
1.09000000e+01   2.46857907e-04
1.09100000e+01   2.43671369e-04
1.09200000e+01   2.40522694e-04
1.09300000e+01   2.37411478e-04
1.09400000e+01   2.34337321e-04
1.09500000e+01   2.31299826e-04
1.09600000e+01   2.28298602e-04
1.09700000e+01   2.25333258e-04
1.09800000e+01   2.22403409e-04
1.09900000e+01   2.19508673e-04
1.10000000e+01   2.16648671e-04
1.10100000e+01   2.13823028e-04
1.10200000e+01   2.11031373e-04
1.10300000e+01   2.08273337e-04
1.10400000e+01   2.05548557e-04
1.10500000e+01   2.02856670e-04
1.10600000e+01   2.00197318e-04
1.10700000e+01   1.97570148e-04
1.10800000e+01   1.94974808e-04
1.10900000e+01   1.92410950e-04
1.11000000e+01   1.89878230e-04
1.11100000e+01   1.87376306e-04
1.11200000e+01   1.84904840e-04
1.11300000e+01   1.82463498e-04
1.11400000e+01   1.80051947e-04
1.11500000e+01   1.77669859e-04
1.11600000e+01   1.75316910e-04
1.11700000e+01   1.72992775e-04
1.11800000e+01   1.70697138e-04
1.11900000e+01   1.68429680e-04
1.12000000e+01   1.66190090e-04
1.12100000e+01   1.63978057e-04
1.12200000e+01   1.61793274e-04
1.12300000e+01   1.59635438e-04
1.12400000e+01   1.57504247e-04
1.12500000e+01   1.55399403e-04
1.12600000e+01   1.53320610e-04
1.12700000e+01   1.51267577e-04
1.12800000e+01   1.49240014e-04
1.12900000e+01   1.47237635e-04
1.13000000e+01   1.45260154e-04
1.13100000e+01   1.43307293e-04
1.13200000e+01   1.41378771e-04
1.13300000e+01   1.39474314e-04
1.13400000e+01   1.37593650e-04
1.13500000e+01   1.35736507e-04
1.13600000e+01   1.33902618e-04
1.13700000e+01   1.32091720e-04
1.13800000e+01   1.30303549e-04
1.13900000e+01   1.28537846e-04
1.14000000e+01   1.26794355e-04
1.14100000e+01   1.25072821e-04
1.14200000e+01   1.23372993e-04
1.14300000e+01   1.21694621e-04
1.14400000e+01   1.20037459e-04
1.14500000e+01   1.18401262e-04
1.14600000e+01   1.16785789e-04
1.14700000e+01   1.15190800e-04
1.14800000e+01   1.13616060e-04
1.14900000e+01   1.12061332e-04
1.15000000e+01   1.10526387e-04
1.15100000e+01   1.09010993e-04
1.15200000e+01   1.07514923e-04
1.15300000e+01   1.06037954e-04
1.15400000e+01   1.04579861e-04
1.15500000e+01   1.03140425e-04
1.15600000e+01   1.01719428e-04
1.15700000e+01   1.00316654e-04
1.15800000e+01   9.89318887e-05
1.15900000e+01   9.75649217e-05
1.16000000e+01   9.62155436e-05
1.16100000e+01   9.48835473e-05
1.16200000e+01   9.35687281e-05
1.16300000e+01   9.22708834e-05
1.16400000e+01   9.09898125e-05
1.16500000e+01   8.97253171e-05
1.16600000e+01   8.84772008e-05
1.16700000e+01   8.72452693e-05
1.16800000e+01   8.60293304e-05
1.16900000e+01   8.48291938e-05
1.17000000e+01   8.36446715e-05
1.17100000e+01   8.24755771e-05
1.17200000e+01   8.13217264e-05
1.17300000e+01   8.01829373e-05
1.17400000e+01   7.90590293e-05
1.17500000e+01   7.79498240e-05
1.17600000e+01   7.68551451e-05
1.17700000e+01   7.57748178e-05
1.17800000e+01   7.47086695e-05
1.17900000e+01   7.36565293e-05
1.18000000e+01   7.26182281e-05
1.18100000e+01   7.15935987e-05
1.18200000e+01   7.05824758e-05
1.18300000e+01   6.95846957e-05
1.18400000e+01   6.86000965e-05
1.18500000e+01   6.76285182e-05
1.18600000e+01   6.66698025e-05
1.18700000e+01   6.57237926e-05
1.18800000e+01   6.47903337e-05
1.18900000e+01   6.38692727e-05
1.19000000e+01   6.29604578e-05
1.19100000e+01   6.20637393e-05
1.19200000e+01   6.11789688e-05
1.19300000e+01   6.03059999e-05
1.19400000e+01   5.94446874e-05
1.19500000e+01   5.85948880e-05
1.19600000e+01   5.77564599e-05
1.19700000e+01   5.69292629e-05
1.19800000e+01   5.61131581e-05
1.19900000e+01   5.53080086e-05
1.20000000e+01   5.45136787e-05
1.20100000e+01   5.37300342e-05
1.20200000e+01   5.29569426e-05
1.20300000e+01   5.21942727e-05
1.20400000e+01   5.14418948e-05
1.20500000e+01   5.06996808e-05
1.20600000e+01   4.99675038e-05
1.20700000e+01   4.92452385e-05
1.20800000e+01   4.85327610e-05
1.20900000e+01   4.78299488e-05
1.21000000e+01   4.71366806e-05
1.21100000e+01   4.64528367e-05
1.21200000e+01   4.57782986e-05
1.21300000e+01   4.51129494e-05
1.21400000e+01   4.44566731e-05
1.21500000e+01   4.38093555e-05
1.21600000e+01   4.31708833e-05
1.21700000e+01   4.25411447e-05
1.21800000e+01   4.19200292e-05
1.21900000e+01   4.13074275e-05
1.22000000e+01   4.07032315e-05
1.22100000e+01   4.01073345e-05
1.22200000e+01   3.95196308e-05
1.22300000e+01   3.89400161e-05
1.22400000e+01   3.83683874e-05
1.22500000e+01   3.78046425e-05
1.22600000e+01   3.72486807e-05
1.22700000e+01   3.67004025e-05
1.22800000e+01   3.61597094e-05
1.22900000e+01   3.56265041e-05
1.23000000e+01   3.51006904e-05
1.23100000e+01   3.45821732e-05
1.23200000e+01   3.40708586e-05
1.23300000e+01   3.35666538e-05
1.23400000e+01   3.30694671e-05
1.23500000e+01   3.25792077e-05
1.23600000e+01   3.20957860e-05
1.23700000e+01   3.16191135e-05
1.23800000e+01   3.11491026e-05
1.23900000e+01   3.06856669e-05
1.24000000e+01   3.02287210e-05
1.24100000e+01   2.97781803e-05
1.24200000e+01   2.93339615e-05
1.24300000e+01   2.88959820e-05
1.24400000e+01   2.84641604e-05
1.24500000e+01   2.80384162e-05
1.24600000e+01   2.76186699e-05
1.24700000e+01   2.72048428e-05
1.24800000e+01   2.67968572e-05
1.24900000e+01   2.63946366e-05
1.25000000e+01   2.59981050e-05
1.25100000e+01   2.56071875e-05
1.25200000e+01   2.52218102e-05
1.25300000e+01   2.48419000e-05
1.25400000e+01   2.44673846e-05
1.25500000e+01   2.40981927e-05
1.25600000e+01   2.37342537e-05
1.25700000e+01   2.33754981e-05
1.25800000e+01   2.30218571e-05
1.25900000e+01   2.26732627e-05
1.26000000e+01   2.23296477e-05
1.26100000e+01   2.19909459e-05
1.26200000e+01   2.16570918e-05
1.26300000e+01   2.13280206e-05
1.26400000e+01   2.10036684e-05
1.26500000e+01   2.06839722e-05
1.26600000e+01   2.03688695e-05
1.26700000e+01   2.00582987e-05
1.26800000e+01   1.97521991e-05
1.26900000e+01   1.94505105e-05
1.27000000e+01   1.91531737e-05
1.27100000e+01   1.88601299e-05
1.27200000e+01   1.85713213e-05
1.27300000e+01   1.82866907e-05
1.27400000e+01   1.80061817e-05
1.27500000e+01   1.77297385e-05
1.27600000e+01   1.74573060e-05
1.27700000e+01   1.71888299e-05
1.27800000e+01   1.69242564e-05
1.27900000e+01   1.66635325e-05
1.28000000e+01   1.64066059e-05
1.28100000e+01   1.61534248e-05
1.28200000e+01   1.59039382e-05
1.28300000e+01   1.56580956e-05
1.28400000e+01   1.54158472e-05
1.28500000e+01   1.51771439e-05
1.28600000e+01   1.49419370e-05
1.28700000e+01   1.47101788e-05
1.28800000e+01   1.44818218e-05
1.28900000e+01   1.42568193e-05
1.29000000e+01   1.40351252e-05
1.29100000e+01   1.38166940e-05
1.29200000e+01   1.36014805e-05
1.29300000e+01   1.33894405e-05
1.29400000e+01   1.31805300e-05
1.29500000e+01   1.29747059e-05
1.29600000e+01   1.27719254e-05
1.29700000e+01   1.25721462e-05
1.29800000e+01   1.23753268e-05
1.29900000e+01   1.21814260e-05
1.30000000e+01   1.19904033e-05
1.30100000e+01   1.18022186e-05
1.30200000e+01   1.16168324e-05
1.30300000e+01   1.14342055e-05
1.30400000e+01   1.12542995e-05
1.30500000e+01   1.10770764e-05
1.30600000e+01   1.09024985e-05
1.30700000e+01   1.07305289e-05
1.30800000e+01   1.05611310e-05
1.30900000e+01   1.03942686e-05
1.31000000e+01   1.02299061e-05
1.31100000e+01   1.00680083e-05
1.31200000e+01   9.90854063e-06
1.31300000e+01   9.75146869e-06
1.31400000e+01   9.59675870e-06
1.31500000e+01   9.44437731e-06
1.31600000e+01   9.29429156e-06
1.31700000e+01   9.14646896e-06
1.31800000e+01   9.00087744e-06
1.31900000e+01   8.85748533e-06
1.32000000e+01   8.71626139e-06
1.32100000e+01   8.57717481e-06
1.32200000e+01   8.44019516e-06
1.32300000e+01   8.30529243e-06
1.32400000e+01   8.17243698e-06
1.32500000e+01   8.04159959e-06
1.32600000e+01   7.91275142e-06
1.32700000e+01   7.78586401e-06
1.32800000e+01   7.66090927e-06
1.32900000e+01   7.53785950e-06
1.33000000e+01   7.41668736e-06
1.33100000e+01   7.29736588e-06
1.33200000e+01   7.17986843e-06
1.33300000e+01   7.06416877e-06
1.33400000e+01   6.95024098e-06
1.33500000e+01   6.83805950e-06
1.33600000e+01   6.72759912e-06
1.33700000e+01   6.61883496e-06
1.33800000e+01   6.51174247e-06
1.33900000e+01   6.40629744e-06
1.34000000e+01   6.30247599e-06
1.34100000e+01   6.20025454e-06
1.34200000e+01   6.09960985e-06
1.34300000e+01   6.00051900e-06
1.34400000e+01   5.90295935e-06
1.34500000e+01   5.80690860e-06
1.34600000e+01   5.71234473e-06
1.34700000e+01   5.61924603e-06
1.34800000e+01   5.52759108e-06
1.34900000e+01   5.43735876e-06
1.35000000e+01   5.34852823e-06
1.35100000e+01   5.26107894e-06
1.35200000e+01   5.17499061e-06
1.35300000e+01   5.09024326e-06
1.35400000e+01   5.00681716e-06
1.35500000e+01   4.92469286e-06
1.35600000e+01   4.84385119e-06
1.35700000e+01   4.76427322e-06
1.35800000e+01   4.68594029e-06
1.35900000e+01   4.60883400e-06
1.36000000e+01   4.53293621e-06
1.36100000e+01   4.45822903e-06
1.36200000e+01   4.38469479e-06
1.36300000e+01   4.31231611e-06
1.36400000e+01   4.24107580e-06
1.36500000e+01   4.17095696e-06
1.36600000e+01   4.10194289e-06
1.36700000e+01   4.03401713e-06
1.36800000e+01   3.96716346e-06
1.36900000e+01   3.90136588e-06
1.37000000e+01   3.83660859e-06
1.37100000e+01   3.77287606e-06
1.37200000e+01   3.71015293e-06
1.37300000e+01   3.64842409e-06
1.37400000e+01   3.58767461e-06
1.37500000e+01   3.52788980e-06
1.37600000e+01   3.46905515e-06
1.37700000e+01   3.41115638e-06
1.37800000e+01   3.35417939e-06
1.37900000e+01   3.29811030e-06
1.38000000e+01   3.24293539e-06
1.38100000e+01   3.18864117e-06
1.38200000e+01   3.13521433e-06
1.38300000e+01   3.08264174e-06
1.38400000e+01   3.03091047e-06
1.38500000e+01   2.98000775e-06
1.38600000e+01   2.92992103e-06
1.38700000e+01   2.88063789e-06
1.38800000e+01   2.83214614e-06
1.38900000e+01   2.78443372e-06
1.39000000e+01   2.73748876e-06
1.39100000e+01   2.69129956e-06
1.39200000e+01   2.64585459e-06
1.39300000e+01   2.60114248e-06
1.39400000e+01   2.55715202e-06
1.39500000e+01   2.51387216e-06
1.39600000e+01   2.47129203e-06
1.39700000e+01   2.42940089e-06
1.39800000e+01   2.38818816e-06
1.39900000e+01   2.34764343e-06
1.40000000e+01   2.30775642e-06
1.40100000e+01   2.26851700e-06
1.40200000e+01   2.22991521e-06
1.40300000e+01   2.19194120e-06
1.40400000e+01   2.15458528e-06
1.40500000e+01   2.11783792e-06
1.40600000e+01   2.08168969e-06
1.40700000e+01   2.04613131e-06
1.40800000e+01   2.01115366e-06
1.40900000e+01   1.97674773e-06
1.41000000e+01   1.94290464e-06
1.41100000e+01   1.90961564e-06
1.41200000e+01   1.87687212e-06
1.41300000e+01   1.84466559e-06
1.41400000e+01   1.81298768e-06
1.41500000e+01   1.78183014e-06
1.41600000e+01   1.75118487e-06
1.41700000e+01   1.72104384e-06
1.41800000e+01   1.69139917e-06
1.41900000e+01   1.66224310e-06
1.42000000e+01   1.63356797e-06
1.42100000e+01   1.60536624e-06
1.42200000e+01   1.57763047e-06
1.42300000e+01   1.55035336e-06
1.42400000e+01   1.52352767e-06
1.42500000e+01   1.49714632e-06
1.42600000e+01   1.47120229e-06
1.42700000e+01   1.44568870e-06
1.42800000e+01   1.42059874e-06
1.42900000e+01   1.39592573e-06
1.43000000e+01   1.37166308e-06
1.43100000e+01   1.34780429e-06
1.43200000e+01   1.32434295e-06
1.43300000e+01   1.30127278e-06
1.43400000e+01   1.27858757e-06
1.43500000e+01   1.25628119e-06
1.43600000e+01   1.23434762e-06
1.43700000e+01   1.21278094e-06
1.43800000e+01   1.19157530e-06
1.43900000e+01   1.17072495e-06
1.44000000e+01   1.15022421e-06
1.44100000e+01   1.13006750e-06
1.44200000e+01   1.11024932e-06
1.44300000e+01   1.09076427e-06
1.44400000e+01   1.07160699e-06
1.44500000e+01   1.05277225e-06
1.44600000e+01   1.03425486e-06
1.44700000e+01   1.01604973e-06
1.44800000e+01   9.98151837e-07
1.44900000e+01   9.80556248e-07
1.45000000e+01   9.63258091e-07
1.45100000e+01   9.46252574e-07
1.45200000e+01   9.29534978e-07
1.45300000e+01   9.13100654e-07
1.45400000e+01   8.96945026e-07
1.45500000e+01   8.81063587e-07
1.45600000e+01   8.65451899e-07
1.45700000e+01   8.50105592e-07
1.45800000e+01   8.35020365e-07
1.45900000e+01   8.20191978e-07
1.46000000e+01   8.05616262e-07
1.46100000e+01   7.91289108e-07
1.46200000e+01   7.77206472e-07
1.46300000e+01   7.63364372e-07
1.46400000e+01   7.49758887e-07
1.46500000e+01   7.36386157e-07
1.46600000e+01   7.23242381e-07
1.46700000e+01   7.10323818e-07
1.46800000e+01   6.97626784e-07
1.46900000e+01   6.85147653e-07
1.47000000e+01   6.72882853e-07
1.47100000e+01   6.60828870e-07
1.47200000e+01   6.48982244e-07
1.47300000e+01   6.37339568e-07
1.47400000e+01   6.25897488e-07
1.47500000e+01   6.14652703e-07
1.47600000e+01   6.03601964e-07
1.47700000e+01   5.92742072e-07
1.47800000e+01   5.82069878e-07
1.47900000e+01   5.71582282e-07
1.48000000e+01   5.61276234e-07
1.48100000e+01   5.51148729e-07
1.48200000e+01   5.41196813e-07
1.48300000e+01   5.31417574e-07
1.48400000e+01   5.21808150e-07
1.48500000e+01   5.12365722e-07
1.48600000e+01   5.03087515e-07
1.48700000e+01   4.93970798e-07
1.48800000e+01   4.85012885e-07
1.48900000e+01   4.76211129e-07
1.49000000e+01   4.67562929e-07
1.49100000e+01   4.59065721e-07
1.49200000e+01   4.50716985e-07
1.49300000e+01   4.42514238e-07
1.49400000e+01   4.34455040e-07
1.49500000e+01   4.26536987e-07
1.49600000e+01   4.18757713e-07
1.49700000e+01   4.11114892e-07
1.49800000e+01   4.03606233e-07
1.49900000e+01   3.96229483e-07
1.50000000e+01   3.88982424e-07
